"plot""elevation" "slope" "aspect" "whc" "map" "si30"
"1" 1 2000 15 270 5.5 45 85
"2" 2 2000 15 270 5.5 45 85
"3" 3 2000 15 270 5.5 45 85
"4" 4 2000 15 270 5.5 45 85
"5" 5 2000 15 270 5.5 45 85
"6" 6 2000 15 270 5.5 45 85
"7" 7 2000 15 270 5.5 45 85
"8" 8 2000 15 270 5.5 45 85
"9" 9 2000 15 270 5.5 45 85
"10" 10 2000 15 270 5.5 45 85
"11" 11 2000 15 270 5.5 45 85
"12" 12 2000 15 270 5.5 45 85
"13" 13 2000 15 270 5.5 45 85
"14" 14 2000 15 270 5.5 45 85
"15" 15 2000 15 270 5.5 45 85
"16" 16 2000 15 270 5.5 45 85
"17" 17 2000 15 270 5.5 45 85
"18" 18 2000 15 270 5.5 45 85
